============ Pattern ============
[ 108.833, 30.3333, 0 ]
[ 82.6667, 57.1667, 0 ]
[ 35.1667, 84.6667, 0 ]
[ 16.1667, 73.8333, 0 ]

[ 14.6667, 23.1667, 0 ]
[ 58.5, 30.8333, 0 ]
[ 88.1667, 63.5, 0 ]
[ 118.667, 83.6667, 0 ]
========== Pattern End ==========
============ Pattern ============
[ 3.66667, 47.1667, 0 ]
[ 125.5, 49.1667, 0 ]

[ 63.8333, 96, 0 ]
[ 66.5, 8.5, 0 ]
========== Pattern End ==========
============ Pattern ============
[ 4.83333, 46.1667, 0 ]
[ 60.1667, 93, 0 ]

[ 123.833, 39.1667, 0 ]
[ 68.1667, 91.8333, 0 ]

[ 118.333, 14.8333, 0 ]
[ 61.1667, 70.6667, 0 ]

[ 8.5, 12.6667, 0 ]
[ 61.5, 71.1667, 0 ]

[ 35.8333, 13.6667, 0 ]
[ 60, 42.3333, 0 ]

[ 88.5, 12.6667, 0 ]
[ 67.3333, 41, 0 ]
========== Pattern End ==========
