============ Pattern ============
[ 108.833, 30.3333, 0 ]
[ 82.6667, 57.1667, 0 ]
[ 35.1667, 84.6667, 0 ]
[ 16.1667, 73.8333, 0 ]

[ 14.6667, 23.1667, 0 ]
[ 58.5, 30.8333, 0 ]
[ 88.1667, 63.5, 0 ]
[ 118.667, 83.6667, 0 ]
========== Pattern End ==========
============ Pattern ============
[ 3.66667, 47.1667, 0 ]
[ 125.5, 49.1667, 0 ]

[ 63.8333, 96, 0 ]
[ 66.5, 8.5, 0 ]
========== Pattern End ==========
============ Pattern ============
[ 3.33333, 52.1667, 0 ]
[ 81, 90, 0 ]
[ 86.3333, 92.1667, 0 ]
[ 90, 93, 0 ]
[ 94.1667, 92.8333, 0 ]
[ 98.1667, 91.1667, 0 ]
[ 101.5, 88, 0 ]
[ 103, 84.1667, 0 ]
[ 101.667, 79.8333, 0 ]
[ 76.6667, 15.6667, 0 ]

[ 129.333, 77, 0 ]
[ 34.1667, 14, 0 ]
[ 28.5, 13.1667, 0 ]
[ 24, 13.8333, 0 ]
[ 19, 16.5, 0 ]
[ 17.1667, 20.5, 0 ]
[ 16.5, 25.1667, 0 ]
[ 17.1667, 29.8333, 0 ]
[ 18.5, 35, 0 ]
[ 21.3333, 39.5, 0 ]
[ 59.6667, 93.8333, 0 ]
========== Pattern End ==========
